% This script was used to store the parameter matrices used from
% Kirouac et al. 2023

% Load parameter matrices
pCR = [3236080324.00000,817205380,1217716814.00000,1185536869.00000,3585658177.00000,2022248335.00000,7944830689.00000,340466933.400000,868637695.100000,1963633838.00000,2332291690.00000,3775510219.00000;0.0500401880000000,0.0500033870000000,0.0502128500000000,0.0503324560000000,0.0500730790000000,0.0507491630000000,0.0505797570000000,0.0509906930000000,0.0504313450000000,0.0506828980000000,0.0501792830000000,0.0500291310000000;0.958461702000000,0.999996451000000,0.999868641000000,0.441194135000000,0.917786905000000,0.753384936000000,0.983026834000000,0.997533226000000,0.657234719000000,0.455768067000000,0.573717507000000,0.998119935000000;314.556333200000,720.463670300000,327.833208300000,336.006699100000,395.864490300000,762.060506400000,623.374525500000,592.931997200000,966.971185900000,364.960136700000,821.251133600000,284.832290100000;1000000000.00000,2942949.42400000,1290108.22100000,100000,999999419.700000,100000,102736520,992235.714400000,111203.998400000,100000,205383.454500000,12004291.6600000;0.254191859000000,0.457897853000000,0.650334202000000,1.34489464000000,0.219995998000000,2.18402251100000,0.204390344000000,0.680666554000000,1.32064874400000,1.32008262600000,0.354471515000000,0.214825990000000;0.996687975000000,0.993366077000000,0.985636841000000,0.981776112000000,0.860795007000000,0.937830261000000,0.988800045000000,0.997116624000000,0.999909102000000,0.820127687000000,0.995786403000000,0.914091390000000;0.257136936000000,0.978736720000000,0.835771894000000,0.593249892000000,0.254335027000000,0.609336603000000,0.244881294000000,0.753900073000000,0.995274972000000,0.621525212000000,0.525174097000000,0.397050113000000;0.253162895000000,0.803208119000000,0.986617232000000,0.838082380000000,0.996945798000000,0.976683045000000,0.133358049000000,0.687209555000000,0.998300701000000,0.959053858000000,0.806998957000000,0.960611454000000;0.720743327000000,2.26427905400000,0.804525130000000,2.99195827900000,0.206274991000000,0.204911881000000,0.524634104000000,2.14764274600000,0.291260046000000,2.31639358900000,2.86496792900000,0.200427622000000;0.579686926000000,0.982937322000000,0.504454051000000,0.988963201000000,0.511920519000000,0.596950582000000,0.977446229000000,0.584666433000000,0.503399728000000,0.501298068000000,0.693198776000000,0.601481294000000;2.70808926300000,2.82689069600000,2.09637397000000,2.21405365700000,2.24571229900000,2.03428970600000,2.95318535800000,3,2.26161428600000,1.73374995200000,2.71262977600000,2.89339516100000;0.937843482000000,0.959134720000000,0.520106121000000,0.524706752000000,1,0.998319164000000,0.969744609000000,0.898246981000000,0.980820641000000,1,0.911053158000000,0.963164521000000;5.13279808200000,5.96423779800000,4.94993944800000,5.97085080800000,3.24876040500000,5.99294766700000,4.83766020700000,4.36549654400000,5.98664847000000,4.05542737000000,5.82887227800000,4.16255051600000;0.159786620000000,0.394491847000000,0.705050668000000,0.444795337000000,0.326574296000000,0.991640943000000,0.0176814610000000,0.774638342000000,0.923830016000000,0.00668222300000000,0.205923474000000,0.141697757000000;0.0748482700000000,0.879164257000000,0.344997335000000,0.869234283000000,0.425028680000000,0.810686279000000,0.241745678000000,0.326222352000000,0.189643201000000,0.438801784000000,0.358611933000000,0.150089713000000;0.290634336000000,0.0122988460000000,0.0264665080000000,0.0177381400000000,0.0464742220000000,0.0338684780000000,0.0264801200000000,0.0245131460000000,0.0274155850000000,0.0296635520000000,0.479389948000000,0.0498378000000000;0.00756554700000000,0.0929195920000000,0.0272868970000000,0.110206895000000,0.349906232000000,0.759387920000000,0.00880399100000000,0.744034419000000,0.993540849000000,0.839128561000000,0.534482049000000,0.974874152000000;0.00100000400000000,0.614046248000000,0.994958388000000,0.464974865000000,0.00100000000000000,0.00706884900000000,0.00132364400000000,0.165840677000000,0.161258792000000,0.00100251100000000,0.00482330300000000,0.00292564700000000;227144056.100000,135091000000.000,164406000000.000,579558000000.000,197402208.600000,251524000000.000,576066000000.000,28432834510.0000,201309000000.000,1000000000000.00,655282000000.000,256904000000.000;2.99887989300000,2.56155999300000,0.267619102000000,0.297696561000000,2.96438227500000,2.56682915500000,0.200000000000000,0.203965197000000,0.419926581000000,0.952405237000000,1.90593571400000,0.344983646000000;0.394596635000000,0.959234369000000,0.996209379000000,0.985582478000000,1,0.999990289000000,1,0.994758350000000,0.816936103000000,0.989267484000000,0.548441583000000,0.970001347000000;2.79542282800000,2.60218582000000,2.58720116600000,2.74423173800000,2.99870173000000,2.99894668800000,2.94728837200000,0.760132172000000,2.64370708700000,2.34233034800000,2.23090393700000,2.67913817400000;1,9.15204079800000,1,4.51909746400000,9.98895629700000,1.05259464100000,2.97428412700000,10,1.60059727800000,9.99777038500000,1.44049977300000,9.70788822300000;1.12639292100000,4.32999634100000,7.15529027500000,1.02405694200000,8.55629320500000,5.82239160300000,9.41967531200000,9.40037697600000,9.83498263400000,9.91275352200000,9.99999999000000,1.42509396400000;45.0111436700000,67.6056206700000,70,30.1027509700000,51.8934080400000,69.5870267900000,47.4898768700000,70,39.2718370900000,37.2193041600000,30.0019157000000,68.4494622400000;14.9195029400000,6.05503835900000,5.00180936800000,29.8845276400000,8.87826522800000,22.3805356900000,29.2454677900000,17.2191461300000,24.7869293000000,29.7721194600000,26.0045413500000,25.6423583200000];
